#Pierwsza linia dziennika
@nazwa: Grybow_BLH
@obiekt: Grybow
@obserwator: PW
@sekretarz: PW

0	54	03	51	23	35	57	140	10	6	2014	19	23	54	4923,2479	0,0	0,0009
60	54	03	51	23	35	57	140	10	6	2014	19	32	33	4923,0957	0,0	0,0002
105	54	03	51	23	35	57	140	10	6	2014	19	37	44	4922,9766	0,0	0,0004
135	54	03	51	23	35	57	140	10	6	2014	19	51	4	4922,9042	0,0	0,0016
105A	54	03	51	23	35	57	140	10	6	2014	19	59	17	4922,9915	0,0	0,0003
60A	54	03	51	23	35	57	140	10	6	2014	20	3	59	4923,1046	0,0	0,0004
0	54	03	51	23	35	57	140	10	6	2014	20	8	53	4923,2657	0,0	0,0004
