#Pierwsza linia dziennika
@nazwa: Kielce_22_07_23
@obiekt: Kielce
@obserwator: JK
@sekretarz: MN

0	0	0	0	0	0	0	0	10	6	2014	19	23	54	4923,2479	0,0	0,0009
60	0	0	0	0	0	0	0	10	6	2014	19	32	33	4923,0957	0,0	0,0002
105	0	0	0	0	0	0	0	10	6	2014	19	37	44	4922,9766	0,0	0,0004
135	0	0	0	0	0	0	0	10	6	2014	19	51	4	4922,9042	0,0	0,0016
105A	0	0	0	0	0	0	0	10	6	2014	19	59	17	4922,9915	0,0	0,0003
60A	0	0	0	0	0	0	0	10	6	2014	20	3	59	4923,1046	0,0	0,0004
0	0	0	0	0	0	0	0	10	6	2014	20	8	53	4923,2657	0,0	0,0004
